35
2 15 49 83
100
61.557 23.304
6.333 28.778
74.558 15.078
-0.886 75.732
-15.556 6.035
21.409 78.361
21.768 -32.615
30.860 -85.887
-33.554 -33.113
-41.765 36.303
60.766 -56.591
-32.113 12.958
0.581 -0.184
-4.136 5.617
-17.149 36.198
-2.274 0.345
2.274 3.189
-10.563 -33.469
-32.762 9.261
7.823 -13.157
-0.534 33.390
41.288 0.280
6.768 -20.718
4.582 -25.528
-22.168 39.455
3.612 41.747
-39.668 6.928
65.585 3.360
39.442 -23.340
-31.179 24.401
-88.919 6.403
27.851 -34.808
0.081 -91.230
-12.171 65.431
-14.027 36.767
-46.034 -51.768
8.318 37.005
8.742 -18.056
-11.620 2.809
-3.445 87.657
-1.181 -0.339
66.136 -24.603
22.248 -57.119
59.501 71.285
2.970 2.407
84.938 33.019
24.910 17.301
-2.660 5.991
-28.638 11.458
-14.645 -39.598
0.015 -9.499
36.012 25.361
56.285 -15.895
24.563 -11.486
2.397 5.509
2.944 8.824
7.834 18.267
-7.253 -18.319
3.476 37.604
5.747 10.923
22.687 -87.440
14.012 -12.832
34.985 -20.914
-4.942 41.781
-18.600 30.935
6.836 -11.583
-3.413 0.817
-6.430 -8.413
12.268 -1.468
26.729 -38.757
8.153 11.367
-61.307 -6.258
-42.229 -72.376
-16.658 9.302
-24.779 2.581
-6.289 -1.033
74.655 3.600
-42.770 -68.286
-45.504 20.183
28.499 -4.737
70.290 -8.214
4.915 -6.767
69.403 -25.312
58.387 74.366
69.560 64.577
-13.194 26.001
-58.307 -30.847
-41.929 -44.340
-20.108 -24.041
27.601 56.514
-3.776 -18.870
19.981 -4.853
-7.305 52.215
-89.029 25.453
-0.940 -2.987
50.843 -19.157
19.739 70.023
8.239 -17.237
17.134 -44.172
-12.037 -16.671
3 45 60 71
100
-44.351 88.001
2.720 -4.336
-22.976 48.850
-5.335 4.020
-79.449 14.972
-87.164 14.545
-33.513 -64.819
-42.811 52.301
19.276 -62.121
-23.013 -9.012
-11.178 34.972
3.080 -16.417
-94.779 -10.991
-3.006 14.772
-25.267 -23.608
94.207 10.305
7.766 11.300
1.496 -4.934
-15.482 -68.228
-18.982 13.005
-8.634 -7.603
-32.323 11.648
63.052 64.032
-2.227 0.357
21.487 22.220
7.411 60.820
-70.761 13.741
-40.855 -74.759
-65.393 60.264
-32.096 53.442
-47.172 30.118
17.774 24.419
31.482 -39.516
-47.408 -12.179
86.794 -12.964
69.184 13.068
1.560 21.859
0.426 46.748
4.746 50.032
-17.112 -97.930
19.587 -13.920
-77.865 -0.732
-0.629 3.569
-10.533 19.126
2.564 -1.524
30.683 22.875
9.327 -17.019
-29.469 -18.022
-20.176 -90.680
-26.231 -49.945
-29.365 -34.890
-20.674 -21.442
-0.138 -30.173
21.853 -68.427
-10.498 23.765
-64.588 -39.734
-17.678 48.104
-34.657 77.540
-50.986 -74.386
25.317 -65.177
23.166 -54.397
-34.232 53.315
-41.059 34.769
89.408 -18.961
25.368 -29.476
3.129 4.906
-77.793 19.104
49.432 -7.158
71.793 -66.204
84.358 -37.735
-8.735 8.185
15.921 87.897
29.743 19.607
51.921 -71.458
-50.068 -6.484
-74.756 10.764
10.980 13.773
-9.625 49.207
-33.215 3.023
97.531 2.027
8.289 -56.811
-18.493 17.888
-33.675 -0.929
51.240 -24.485
0.146 -0.596
-26.053 46.791
41.344 44.068
82.430 -5.555
-87.696 30.828
-6.966 20.094
-3.553 22.910
-6.169 0.379
38.191 2.052
3.789 1.188
53.588 77.426
7.132 -9.234
3.941 3.917
6.043 60.752
66.017 62.344
95.814 18.632
4 16 47 84
100
7.582 -98.443
7.541 70.464
-6.064 -12.617
-28.629 -63.241
22.453 -28.540
-46.556 -69.295
-43.097 -77.090
-27.570 73.463
2.542 12.942
-24.708 -12.269
-72.154 1.002
6.946 60.647
19.377 33.649
-14.926 -6.604
-53.857 75.137
-7.362 1.523
-1.432 5.696
-26.234 -12.692
-25.993 -67.302
-2.704 -93.230
-6.836 -25.364
-40.369 6.621
-82.465 55.005
-6.396 -14.594
-10.492 62.730
18.145 -26.189
-38.629 64.036
48.432 45.910
43.364 -10.984
68.126 -42.173
1.150 -29.940
-20.071 -22.197
-29.581 54.022
12.503 -20.247
10.770 -28.981
54.371 -16.542
38.017 37.429
0.773 10.993
29.531 -53.763
-36.519 56.907
-31.966 -31.993
6.873 38.190
-38.341 -17.576
-6.457 8.040
26.700 88.102
-27.980 -93.305
-12.801 90.067
-76.560 -53.034
27.191 9.371
3.400 23.780
-80.864 -46.496
74.747 51.805
3.751 -25.083
-0.629 -9.105
20.838 -51.435
-26.772 -24.183
-12.501 -30.330
1.664 15.191
5.353 0.539
24.158 -2.946
-28.774 -40.501
25.033 20.106
-17.206 79.527
-19.721 12.504
-80.827 -13.989
-7.712 -68.942
-3.202 2.866
-75.287 -51.504
72.020 -47.321
-2.538 54.983
12.748 9.145
-4.171 19.601
-53.659 21.410
-15.755 -32.913
-28.472 -51.617
10.644 -67.824
-26.642 12.768
-44.205 -25.258
-25.267 95.752
68.545 39.710
14.299 -64.951
0.287 -1.374
59.560 -12.614
0.645 1.391
16.261 -20.266
-54.928 -6.073
45.241 46.679
17.640 -4.747
-16.985 -16.709
-2.517 6.835
29.616 -3.160
49.494 27.231
5.607 -18.401
-10.242 -80.225
36.127 10.858
25.132 54.662
48.245 52.616
-84.478 -2.137
96.107 -22.931
15.729 -1.423
5 1 67 85
100
44.052 -31.612
-27.716 -74.607
-33.423 -31.441
-63.836 0.528
90.839 35.154
-94.817 -0.993
-24.119 -67.162
2.321 69.646
-4.518 -53.551
0.024 0.064
61.150 -10.008
-32.935 1.480
-87.815 41.973
-2.896 24.895
27.792 50.988
-60.415 -40.420
0.021 -0.033
-58.020 72.417
62.139 51.356
-84.134 -23.846
5.059 6.208
-12.016 -79.959
-25.694 -11.715
-0.003 0.647
-64.449 46.054
-73.506 38.612
6.572 21.749
-6.436 98.917
-32.028 -49.624
28.424 36.592
-0.187 -0.165
67.308 -8.155
-72.661 -24.371
-14.048 -7.213
-62.323 50.273
5.392 -9.554
-1.538 -1.763
89.040 17.008
-12.796 41.286
-21.999 6.585
-74.878 -51.992
58.537 -35.980
77.344 -7.487
21.325 -61.003
-0.683 0.319
-20.915 53.731
5.677 16.704
-68.329 -16.084
1.022 -0.890
0.753 -0.909
23.014 -86.793
-13.446 11.408
6.838 23.260
1.671 24.722
58.420 -53.097
72.599 -66.381
25.881 4.644
79.236 -58.552
-12.639 -55.848
-0.079 -0.206
44.897 -29.563
60.715 -59.755
17.710 -11.479
3.614 66.055
16.809 -88.573
81.779 -34.333
50.005 -1.632
-6.262 15.298
-43.017 -26.125
13.090 0.830
-47.980 -59.351
-32.397 11.362
2.250 -16.282
-35.047 33.551
0.810 1.462
-42.160 50.821
-7.408 -88.150
75.295 7.712
-73.162 -36.337
-66.611 19.186
7.531 -13.895
19.816 -13.122
-3.850 -95.644
80.644 34.330
-80.633 -29.278
0.070 -4.192
41.357 53.599
-43.912 -29.050
5.813 6.921
-8.188 86.148
-36.416 -3.226
3.210 2.259
-5.144 -4.953
-79.494 -25.949
59.911 73.020
-11.925 0.504
-29.384 -30.353
-3.665 4.589
36.030 5.315
47.993 -67.501
6 42 73 88
100
13.809 89.600
9.869 -15.768
5.187 89.165
16.164 -45.721
0.601 45.669
-65.369 -16.030
-61.766 -47.733
58.030 -7.207
-69.880 47.558
5.458 11.311
3.891 5.663
-65.724 17.173
-22.325 62.269
-6.039 -88.669
-6.464 8.221
30.028 -76.333
1.975 -5.305
-75.813 -9.911
10.095 -4.591
30.558 -24.412
17.027 9.088
-55.802 -34.657
10.579 10.364
16.795 -72.358
22.683 15.715
-0.529 7.441
41.700 80.604
1.732 -5.723
90.555 41.627
-87.589 12.920
74.777 -59.778
-36.181 31.395
29.282 -80.291
2.390 19.542
95.104 26.273
-0.457 12.397
-0.101 21.569
-2.834 81.041
0.289 11.945
-35.323 -65.430
-39.536 16.213
-55.673 -35.447
-10.757 1.337
-73.760 -37.347
37.745 7.854
9.653 53.529
-76.290 -59.185
7.947 62.240
48.089 -55.237
5.781 1.860
-44.703 48.683
9.012 -41.248
-15.343 16.883
1.209 33.989
-8.583 80.065
-88.419 -2.074
-11.743 -6.130
-0.056 -0.077
42.427 5.998
-72.007 -5.608
-4.161 -40.211
-67.601 -63.768
6.897 5.719
11.606 21.044
34.771 -38.714
-4.488 4.950
53.614 70.954
31.381 13.716
32.779 35.453
40.068 -40.310
-14.477 21.960
3.415 47.076
44.600 -12.694
68.425 0.933
51.778 53.149
18.538 23.812
-72.974 -47.882
20.139 6.420
22.762 -19.947
4.899 -0.681
-13.095 46.738
5.551 -3.302
-12.079 77.055
82.923 -26.544
-3.679 60.394
-61.895 -22.753
-90.058 -33.486
-27.549 -38.430
59.865 68.623
37.036 -16.516
-2.796 -50.813
-34.203 30.010
-1.349 75.599
-21.503 16.916
-9.059 25.461
-52.365 60.716
35.837 55.248
80.761 -57.204
87.165 6.255
4.217 -9.048
7 22 37 91
100
6.633 11.690
-1.050 2.399
17.684 14.854
39.026 85.173
12.392 3.458
48.095 -5.785
-44.115 -84.655
11.739 9.669
12.249 -30.458
81.066 -44.210
54.383 -37.443
57.880 -14.019
-0.008 -0.003
3.485 28.147
-44.210 -17.290
-3.653 33.366
-80.949 52.855
56.922 55.876
7.239 13.799
27.255 -78.684
70.864 -1.767
48.011 -80.075
14.631 9.141
53.161 -81.788
2.730 -10.150
-5.433 88.637
-70.856 -16.414
91.328 13.370
0.996 6.653
17.699 -21.133
5.178 -64.056
-49.872 -2.886
-6.745 -11.897
1.349 -24.462
25.788 -13.359
-57.860 18.845
16.520 -89.498
8.176 -5.423
79.318 27.984
1.861 -0.766
29.596 3.785
-66.345 -45.776
10.920 19.096
42.934 41.528
-69.958 -35.559
-43.236 -63.124
-19.695 -11.845
31.972 -18.913
36.069 -91.437
-46.885 -50.873
41.537 -25.478
8.614 -0.412
-52.275 35.425
21.269 -22.477
-68.255 14.941
65.384 24.510
-3.713 3.165
-1.196 4.054
-7.561 -3.360
10.804 -14.759
79.100 -50.393
5.586 22.389
-14.399 -77.305
-35.606 8.959
-17.874 -6.776
16.500 -19.922
3.221 -38.726
-10.384 -71.382
49.801 -37.703
49.652 51.005
62.759 36.031
-9.108 28.663
45.855 77.259
-4.006 -4.571
-6.971 29.985
26.222 12.879
-47.689 1.188
-88.699 -28.248
31.227 74.637
18.118 74.149
-95.679 -24.787
2.428 1.107
-73.858 -45.552
-46.952 -58.868
-44.040 22.798
-76.455 -57.449
25.009 -10.932
-0.965 -10.917
-63.042 -24.588
8.899 -31.617
-11.952 -26.351
32.866 -43.019
73.159 16.469
35.119 -75.371
-5.126 0.380
-0.452 11.674
-87.698 44.340
-87.877 41.748
69.255 45.906
7.592 13.555
8 35 66 74
100
33.620 -11.091
-22.413 -44.298
-86.529 35.486
40.727 -78.512
-36.669 -56.916
-3.747 4.616
-18.895 -7.401
15.780 -56.319
73.030 -50.869
-86.883 -8.092
-0.821 -11.118
60.481 -36.265
-65.809 -69.130
-50.566 43.498
-89.438 19.658
-20.670 -52.618
2.270 -21.260
1.773 -1.385
-9.250 -55.835
60.187 -63.495
18.516 70.889
-25.607 16.114
-0.313 5.189
-6.299 -2.790
71.850 40.021
-13.827 33.203
-37.455 31.240
62.814 5.511
-38.757 -1.247
4.022 -94.850
-44.930 70.788
27.991 16.806
-26.537 4.169
11.532 -15.870
0.011 10.729
-8.557 -43.951
24.656 9.009
34.283 1.177
-72.900 1.443
-73.518 -4.059
-2.099 -20.786
32.380 75.430
-2.721 -20.107
3.868 64.898
1.859 -30.974
-9.069 -33.944
13.163 -4.747
-7.753 7.453
10.233 11.735
-3.641 5.901
-18.383 -62.373
18.869 62.447
63.653 -3.647
3.228 -37.934
67.639 -64.519
44.988 -57.312
2.754 1.336
8.075 -10.290
53.361 81.227
-77.856 56.780
-17.660 -4.558
-74.987 11.802
64.323 -8.428
-16.818 2.315
-15.654 -11.854
-37.898 36.871
-1.637 -19.876
23.314 -55.880
34.142 -4.382
-69.258 -23.077
7.017 -24.228
-8.728 37.172
28.873 -10.422
86.943 18.067
-67.674 29.265
8.877 3.198
77.661 13.021
18.442 -40.540
-1.108 -4.285
-18.994 89.853
-30.753 32.582
14.198 -11.030
-41.534 38.425
-15.068 -38.639
44.535 -7.545
54.454 -24.904
-14.431 79.943
35.203 -12.031
78.077 -49.365
2.736 -20.977
63.708 17.526
49.487 -35.870
13.053 -22.901
21.152 14.623
0.261 -0.677
-53.930 -8.117
10.248 97.733
-12.836 16.064
-37.342 55.142
46.319 13.764
9 28 59 65
100
29.404 60.139
13.449 -63.379
-40.862 20.691
84.181 39.356
-52.839 -45.041
-55.273 -60.462
40.879 51.089
58.030 33.237
-5.099 0.309
-0.020 1.529
14.208 -46.515
-9.639 -20.940
4.504 -70.444
11.583 -59.981
-74.371 7.757
-51.210 -35.818
52.657 35.467
2.322 -11.324
87.892 14.294
-12.708 -35.149
-4.544 58.830
-46.362 84.518
10.850 92.582
-4.404 -11.154
48.676 -0.478
-23.967 -35.125
15.424 -77.848
-15.361 8.541
26.224 -55.136
-41.773 8.787
8.803 3.242
-52.040 51.022
-22.357 -1.079
-16.826 67.084
69.580 40.325
-1.063 -47.000
5.331 22.066
7.282 -23.083
-0.237 -0.719
35.215 26.032
17.231 -58.992
-40.100 72.761
-14.900 0.811
-25.105 8.618
-1.027 5.429
13.865 29.799
-63.959 -8.749
43.933 -44.126
-29.707 56.938
29.348 29.112
-9.545 8.157
-34.131 18.706
-41.347 15.604
39.567 -58.640
43.185 43.206
3.226 -11.033
-8.658 37.519
-46.108 56.497
-0.158 4.207
25.455 -4.099
-2.745 -57.453
4.120 -6.031
8.580 17.628
-61.089 -19.800
-49.026 61.874
-11.864 -18.112
-79.276 -21.290
58.853 -4.652
-8.096 -43.716
-44.114 -2.358
-34.374 10.724
-50.984 39.961
65.042 14.096
50.176 -35.582
-42.698 4.394
-11.697 30.007
-11.056 21.117
21.176 43.209
61.040 -37.577
-59.029 -73.552
-11.560 33.726
78.989 15.084
9.028 -78.604
-2.848 -1.262
-31.932 49.048
-11.357 -63.061
37.026 -20.019
30.079 -32.794
-21.285 26.323
4.648 0.045
3.334 -0.417
-50.120 39.053
-91.327 20.297
40.188 -79.826
-22.365 16.878
68.589 40.105
-36.240 -29.376
10.769 -66.712
13.196 39.258
-26.201 -41.692
10 14 38 77
100
0.090 -24.846
-36.491 46.050
27.497 -56.262
-3.566 15.066
57.791 37.902
-12.744 -75.381
-51.785 17.581
30.122 -22.591
43.026 -38.790
-82.781 15.523
31.598 -21.582
-90.144 23.350
-50.589 61.670
24.205 -6.725
32.276 -45.108
-81.883 25.892
6.304 -24.834
-44.576 -34.627
14.223 81.361
9.414 -7.394
-94.469 18.200
41.687 44.954
98.226 6.212
13.521 20.795
-29.121 22.530
-34.754 -31.884
54.650 -47.650
-36.991 46.365
-4.191 1.451
44.192 89.014
-62.416 -3.693
-20.235 -82.800
-38.478 -13.790
-31.426 -42.171
69.506 -15.051
29.104 -14.313
-18.977 -40.131
11.111 95.451
-87.573 -41.630
-71.047 53.111
39.707 80.567
3.067 -9.665
-1.430 6.107
-54.280 -61.026
-59.702 39.840
-10.352 11.764
-23.556 66.116
28.965 15.889
9.252 -9.565
8.854 7.209
-16.358 -8.177
-8.249 -21.025
-36.449 -17.242
42.188 -84.640
13.985 -16.090
1.040 -23.950
20.554 21.390
69.507 21.312
56.062 -72.542
79.928 -59.534
5.531 8.716
10.397 -16.705
-6.769 0.934
8.200 25.772
5.239 -1.923
-11.094 -12.105
1.301 8.579
71.445 -36.671
-62.328 -55.935
22.509 -26.978
-22.354 15.090
7.610 7.216
0.257 -6.575
13.151 -15.596
91.004 -2.597
94.980 -13.060
-0.489 50.126
30.600 9.878
-52.922 -8.278
-23.261 -72.228
3.294 -70.399
-15.942 -45.782
14.571 -95.736
-1.840 4.499
-8.334 -2.813
-44.317 -56.493
7.566 -34.855
16.629 -60.079
-28.142 -10.887
-19.930 -9.765
-11.514 -2.527
4.190 1.528
62.126 35.579
85.949 3.529
-5.447 -7.075
41.896 -67.278
-0.245 1.717
-65.196 -60.474
35.120 -13.456
-13.234 -6.466
11 2 9 65
100
-34.406 -62.711
-7.116 38.306
-35.199 68.367
-33.249 -13.341
3.690 -27.603
-10.674 19.466
-4.720 -61.452
-13.339 -66.894
-0.904 -0.261
-83.998 -51.210
6.020 12.255
-39.928 20.794
-10.072 -2.862
44.102 82.419
-24.370 -8.967
-75.660 26.765
-0.143 -0.366
2.618 -1.220
-5.735 -2.504
-2.475 -52.664
71.988 -30.329
20.920 -43.908
-0.025 -0.622
49.710 22.830
7.119 -5.298
6.852 3.748
0.178 0.613
-0.269 -2.464
38.812 -54.359
-81.160 -30.933
-4.327 -5.432
50.198 0.734
-54.309 50.152
15.563 7.914
-6.875 -21.571
6.681 -5.538
74.784 -61.851
-27.060 -17.470
-5.658 -98.730
-1.449 0.528
-47.708 24.304
-1.416 10.719
0.395 -11.261
33.562 51.453
-5.671 2.655
-49.271 75.757
7.728 13.764
15.383 13.155
4.298 1.328
-86.159 -30.823
9.497 -59.377
1.944 14.180
47.457 56.862
-11.143 -66.284
-66.690 -6.669
-16.370 -18.119
0.482 -0.388
-52.758 10.894
-6.909 -0.674
1.959 2.181
1.010 -0.030
11.583 -72.693
51.676 -51.764
4.163 12.463
-6.412 -1.615
80.760 -6.261
-5.475 -61.863
-1.506 1.109
24.966 -62.402
-5.595 -14.670
17.764 4.439
-83.347 -38.730
0.184 0.291
-2.406 42.900
-63.919 -16.221
11.074 -14.691
11.967 -0.792
-4.197 -9.919
-0.655 -0.915
0.684 3.376
0.439 -7.243
-0.142 0.396
10.000 -7.910
5.903 -77.979
9.740 -19.415
-1.186 6.073
1.829 -5.124
-63.515 -21.481
0.773 0.196
15.752 67.767
16.629 38.112
85.536 46.223
64.124 38.662
18.126 -47.815
-76.514 -28.988
15.287 -7.782
-0.448 -0.158
-10.707 -36.401
-8.242 31.845
-6.027 -2.398
12 27 40 58
100
-0.045 0.035
-3.572 35.875
-35.646 34.355
-18.411 -25.230
1.246 31.014
-18.376 -41.462
-39.746 -88.596
20.105 0.835
-4.938 -16.635
8.340 -14.791
-2.471 5.155
6.489 3.082
-75.379 -16.816
41.189 9.217
27.351 -12.895
4.330 3.396
-0.422 -0.728
-6.565 -5.912
59.017 50.852
18.317 -29.300
7.603 -23.559
-1.641 -11.507
-7.988 50.652
-9.300 34.716
3.327 5.376
29.996 77.885
0.198 62.945
1.145 -64.830
3.797 -42.318
45.900 -5.033
-43.453 49.012
45.859 28.546
-15.797 97.057
14.421 2.018
31.398 12.539
-28.540 24.764
6.210 -27.004
5.509 -3.928
-34.373 -33.515
-10.437 22.395
48.441 72.617
26.710 -42.751
-26.093 10.012
52.245 33.795
-54.430 -78.051
64.529 -3.588
30.590 19.815
88.362 -42.248
51.126 21.433
18.140 17.212
-65.001 -21.522
5.929 -11.337
-48.439 16.481
0.383 -12.887
-86.019 21.746
-46.312 7.695
-25.375 -17.528
23.361 16.061
97.638 13.708
6.405 -10.302
26.904 7.671
73.645 -50.000
12.710 24.495
-44.744 40.790
36.459 9.016
14.688 -78.809
-11.239 3.413
-25.384 -35.765
-50.522 -22.714
73.742 -54.629
-40.207 -56.940
-91.453 -17.167
8.684 24.157
9.800 -42.238
3.496 18.610
18.099 -16.703
-11.092 35.767
-39.566 88.532
-6.144 -32.230
-4.186 42.464
-65.766 -36.775
94.484 25.785
-74.718 42.559
8.060 34.140
-1.449 -1.123
-11.894 -22.799
-17.840 -59.718
-38.308 -9.763
-25.479 -9.513
-11.013 69.939
-41.067 4.469
-64.866 13.758
-15.228 54.888
-18.872 -35.567
5.568 -1.988
-11.336 18.343
-15.655 -3.666
19.518 43.414
-2.934 46.588
-8.487 -1.549
13 35 54 97
100
61.021 12.520
-10.807 -37.233
37.806 50.628
-3.437 -10.181
-61.470 75.285
94.945 -27.571
-59.453 -76.306
-62.295 -53.596
-76.608 0.246
-17.036 24.801
85.664 50.013
60.713 40.890
-32.737 -14.530
-57.423 -54.556
-0.619 12.780
78.951 30.871
58.510 -64.203
0.960 41.512
5.724 11.322
-32.688 1.470
31.390 -51.245
19.986 59.309
21.736 18.922
16.331 -35.998
66.669 -71.802
-7.341 -2.930
-16.233 65.337
-0.833 -26.634
43.483 6.022
-24.135 -24.487
-24.905 -79.143
-32.775 -1.576
-24.739 -95.933
43.257 7.075
-46.259 -86.348
18.508 3.160
-66.374 6.079
-1.361 20.118
-21.333 76.344
15.441 -15.932
-33.578 33.783
-56.432 74.529
3.152 25.081
-1.252 16.883
60.867 -14.357
-34.729 22.339
-66.403 38.216
-13.667 82.244
59.761 79.095
-21.271 9.616
-16.781 -87.867
0.357 1.628
74.209 -25.449
44.122 -5.795
-12.001 39.143
17.775 -93.923
38.527 32.104
5.359 -1.460
28.890 -13.948
-65.721 22.406
-3.115 -60.721
-67.980 -71.173
-37.314 -22.017
46.731 -24.144
-96.465 -13.206
86.406 -20.495
-44.691 -2.205
-9.896 8.503
24.514 -29.085
50.915 -42.812
17.065 -98.195
15.327 41.389
-27.471 -19.811
-21.676 11.689
97.914 16.219
3.268 -8.582
-46.010 42.017
-27.870 51.651
17.631 40.885
-3.424 -92.854
-89.994 -38.570
60.544 -58.636
48.844 -16.462
51.549 83.055
3.237 -9.916
-34.743 34.866
2.604 31.903
-80.188 -58.389
-89.659 43.132
-19.032 -43.259
-34.981 -13.561
-25.841 77.015
-3.305 3.554
-30.769 92.137
-69.747 5.015
-33.240 -76.712
41.816 23.053
-12.316 72.471
86.745 21.330
-70.013 28.931
14 35 40 41
100
-16.594 36.854
1.993 42.636
-10.828 1.987
30.846 -6.456
-4.289 -11.583
74.362 26.867
-28.675 -17.243
-5.758 -21.057
-31.872 41.013
-0.126 -40.813
-38.028 24.535
-14.411 0.907
-10.040 -3.150
38.269 34.600
23.608 -27.523
-10.292 -90.160
-0.211 -0.295
25.122 -30.463
70.490 -33.671
-63.898 74.312
-76.099 -26.215
38.482 3.748
1.946 36.116
17.891 33.929
29.143 23.066
10.404 -27.372
12.869 -35.377
-57.660 -72.031
-1.305 6.409
0.425 -0.237
1.684 8.569
-31.332 -25.117
38.914 42.500
-5.839 -5.552
32.351 4.377
-29.236 -37.681
16.883 62.268
-47.506 -38.752
-45.946 28.882
-1.794 12.233
63.712 -45.168
-6.778 -40.073
-42.760 -21.569
-2.323 48.334
-21.937 32.129
18.934 44.903
1.905 21.058
12.291 15.817
3.644 42.531
25.434 31.313
-33.152 23.304
-13.860 6.516
-2.360 24.427
-5.545 9.777
10.856 -35.823
-36.441 5.596
-22.708 -46.487
2.729 20.497
39.178 -9.381
-5.702 40.285
-13.123 -0.606
18.630 35.850
5.183 -87.967
-72.087 -27.837
39.934 -68.592
-17.365 -12.503
-2.346 2.678
-30.020 -18.185
95.939 -6.047
-14.892 21.988
-15.363 -37.110
2.728 -1.457
-5.640 20.695
-84.709 6.206
6.721 59.786
34.118 9.778
-37.598 -8.406
-26.817 -17.353
-39.001 11.793
1.907 -39.490
0.826 13.375
-10.612 -31.482
39.792 9.083
-8.790 1.739
37.650 -11.012
28.689 -22.662
17.283 7.858
-6.384 -52.545
58.190 -71.838
33.581 -22.635
-20.849 -33.616
16.391 -37.199
0.656 0.566
3.633 -22.627
27.233 18.706
-28.636 21.079
20.993 -25.079
6.238 -63.903
-82.874 22.405
-39.950 -7.751
15 26 46 77
100
-13.152 11.797
86.340 33.144
2.220 -4.056
-75.983 32.671
51.138 -70.783
31.859 60.932
57.960 21.538
-23.846 -1.234
-28.785 41.297
-29.695 -1.146
12.259 -3.237
0.118 33.277
-35.435 2.910
23.686 -60.754
-13.584 28.777
62.526 -2.953
-61.320 74.269
8.222 -60.541
8.275 -48.641
-6.530 17.649
66.490 -61.256
-15.407 3.607
-53.234 43.889
81.262 10.765
41.266 -50.197
-0.380 0.548
-33.998 0.729
82.488 1.911
-0.533 21.737
57.218 58.801
-14.029 -0.652
-67.853 -49.693
0.255 52.851
-26.497 8.558
-7.019 -83.012
23.842 8.091
95.222 18.525
-43.388 22.425
-23.278 4.123
-21.371 22.720
95.203 -3.555
-71.874 21.314
26.945 2.063
6.797 -31.444
45.279 30.385
42.830 -13.330
51.215 67.354
23.964 -19.086
1.026 -2.382
-41.698 83.930
10.323 -23.613
-44.860 16.006
-71.621 -42.916
-8.472 51.938
-77.488 23.291
-25.149 -6.497
-18.135 -97.701
-57.830 45.806
48.273 -62.643
81.382 -29.152
-71.082 13.392
-17.200 -65.661
44.658 13.454
-18.754 43.639
53.961 -50.718
52.956 -64.212
9.473 0.088
-23.044 97.088
13.044 -31.647
1.243 6.614
-81.122 -7.558
20.461 57.542
30.510 2.298
-72.928 -54.832
-48.688 -35.899
11.062 -7.355
-34.745 -12.824
16.711 5.922
-79.967 -39.311
-15.136 -32.215
39.485 13.948
14.394 34.269
-0.423 -3.019
99.515 -0.383
-2.020 7.526
-20.235 -25.677
54.994 18.761
-47.893 -27.645
-13.633 -10.437
-0.153 -23.984
23.818 -71.851
-0.829 24.654
-1.445 95.769
33.399 -52.566
-57.433 -57.412
32.323 17.026
25.021 -6.563
-10.499 -34.714
6.157 11.185
15.870 9.293
16 19 64 81
100
5.436 -14.903
3.673 6.862
-63.462 -32.696
52.333 49.230
-2.850 5.260
-1.795 -18.385
54.583 -74.132
8.710 29.788
-76.492 -56.464
-28.642 22.367
2.935 -6.839
34.354 59.855
-15.278 -20.446
16.455 -55.603
-5.078 -4.596
-30.305 -81.971
66.652 50.435
-53.340 -0.245
-23.079 62.748
7.599 -5.464
-24.655 -71.521
6.758 -63.780
-19.594 32.781
-12.590 7.824
34.108 2.801
-23.706 2.624
-10.664 -45.679
1.306 -78.179
-28.402 -20.586
-38.814 -53.328
-31.009 -4.836
-17.820 -55.290
-65.779 -1.384
-85.500 -31.327
15.119 -0.056
-53.733 55.142
-5.977 9.495
-24.163 -18.151
49.964 -62.174
17.029 38.175
94.637 -25.751
-79.434 31.784
81.174 0.239
3.370 19.274
-56.830 -67.220
-34.545 -66.092
74.117 -41.104
-75.887 60.776
14.169 -29.476
84.378 37.676
59.238 -48.369
33.490 19.217
8.003 87.991
-5.086 -0.131
-1.509 12.113
25.722 -40.349
-87.131 22.163
-29.347 -14.455
-11.655 47.581
9.167 16.475
17.934 2.949
74.086 -30.057
21.188 -40.750
71.863 -43.268
-68.779 -30.594
-57.213 80.883
18.384 -4.259
-34.683 -46.644
18.660 -34.756
-50.297 42.981
-1.872 97.209
51.865 85.274
-56.490 -67.962
3.060 -46.698
-63.402 17.660
62.679 19.578
0.400 -0.065
19.811 9.322
0.951 3.103
94.516 -0.535
-22.267 26.244
12.640 -2.667
-13.581 -22.722
-10.009 -12.172
42.849 -13.300
69.408 -59.742
-22.364 58.956
63.115 13.632
-3.884 86.228
-51.782 -48.481
-19.587 -17.874
-35.562 82.829
22.258 -4.897
5.511 3.510
41.617 -30.773
18.490 5.397
4.574 -93.973
3.432 77.640
-7.180 2.440
-66.213 32.928
17 23 38 55
100
27.467 -27.192
-79.232 -43.178
-56.313 -64.596
29.186 -15.173
7.297 13.063
-9.244 0.332
-18.422 -41.489
-47.662 -72.911
-28.914 -21.487
43.561 43.390
3.450 21.090
0.737 17.678
-19.979 -5.523
23.149 49.525
16.624 -36.354
-0.834 24.086
-2.460 -2.169
-3.371 -4.867
-77.897 9.542
6.821 -8.718
-21.465 -2.911
42.431 39.310
67.604 -27.020
13.228 91.203
3.052 -9.947
6.738 32.972
-24.780 -83.505
-34.476 41.120
9.286 -22.686
23.314 70.617
-4.967 26.241
27.866 2.401
-15.775 -39.086
16.577 -2.111
-4.752 -42.131
-0.080 -0.336
-17.825 12.712
-75.797 -62.073
-23.899 10.972
1.611 44.250
-5.599 11.415
-2.602 -26.703
36.835 -52.928
-33.868 -20.285
21.453 12.170
9.180 28.861
-34.262 -76.036
-52.548 17.944
-20.637 63.408
86.267 38.608
-27.391 4.625
47.781 -47.000
0.804 -16.583
27.424 -14.164
52.096 10.120
55.669 63.440
-20.583 24.000
70.978 -16.562
45.258 -15.550
4.831 3.392
-23.258 72.160
-49.078 -51.124
16.593 -57.365
-44.424 -4.824
53.552 15.095
21.210 -42.744
-18.849 -32.974
-11.498 35.226
-14.329 46.096
-28.802 -26.307
36.991 -4.863
3.168 -1.383
23.220 27.700
-54.470 35.242
30.283 54.547
-36.194 -0.228
15.569 -5.981
-70.959 -35.647
23.533 36.370
33.559 27.444
49.844 -6.159
-34.783 -62.544
-10.800 -63.318
-2.589 -93.691
51.764 -19.903
-25.603 -12.288
72.444 -3.502
-68.152 -5.292
83.497 44.290
-15.599 9.427
-50.806 16.875
7.986 -5.826
18.111 -24.173
-5.102 23.473
11.138 3.806
45.763 -20.074
-9.246 -64.839
1.530 73.387
6.101 46.641
94.425 15.010
18 40 45 90
100
26.137 -18.887
-24.388 -90.132
7.876 74.550
-17.276 -86.112
19.972 4.678
15.724 -26.024
27.986 29.015
64.118 22.901
0.927 5.783
88.826 -26.082
-60.117 -15.513
24.840 -2.448
-71.241 56.471
30.291 -33.024
57.492 -70.192
16.056 6.596
35.108 61.964
-0.830 8.998
8.559 9.337
5.352 49.357
-6.563 5.841
-65.178 -67.396
10.213 -49.480
80.665 -47.903
98.930 7.047
51.994 -28.176
-56.843 37.207
-48.793 84.156
0.923 -37.666
-32.554 -24.610
-88.559 -22.874
-15.630 94.914
-2.569 -4.997
-43.976 -68.295
11.037 42.627
-18.810 61.702
-18.506 2.975
-27.987 31.815
-37.128 -38.990
3.827 -40.821
36.173 -70.701
-8.494 -5.363
68.442 51.753
-8.021 10.786
14.906 13.182
-47.170 -83.689
3.916 -5.479
13.163 15.074
-2.506 6.193
5.368 27.554
4.558 -9.183
43.728 28.393
-45.980 -19.611
-85.497 24.947
39.824 13.688
3.138 -55.436
-91.182 9.680
9.304 -43.900
15.673 -10.179
-44.940 51.213
40.117 -4.160
38.895 15.174
46.367 -34.683
-41.074 13.162
76.572 60.419
36.443 -35.488
-0.978 -97.414
-24.931 -9.458
63.759 -7.704
25.225 -32.596
19.090 85.266
2.740 23.735
75.082 -14.287
-35.766 18.412
63.331 19.851
-32.456 12.836
-19.999 93.282
-79.480 -26.326
-73.438 -56.634
38.078 40.372
18.181 -3.666
-21.604 -4.417
60.011 78.961
-5.278 -5.945
-8.367 43.043
19.949 -67.629
-35.445 -70.185
-18.915 65.572
36.019 89.883
4.541 -54.488
-15.753 -40.618
37.340 -17.622
5.692 22.145
33.885 -84.057
-17.987 26.366
-1.290 -12.202
-4.506 43.956
-39.164 -10.978
-6.083 -43.980
-27.023 -33.389
19 49 54 55
100
1.382 -0.641
12.215 0.952
21.901 55.760
30.511 -19.002
66.212 -57.213
-10.878 52.136
11.566 11.684
-51.364 -18.257
-98.585 -6.460
21.357 -43.774
15.625 -68.331
-34.853 40.839
4.479 26.079
-10.176 -62.306
40.916 12.771
-28.633 -49.309
57.530 55.750
-8.203 -49.371
24.497 -45.364
-10.867 -16.312
-6.219 54.101
-58.015 -53.028
-16.252 -73.296
44.846 -22.646
0.070 0.207
-36.613 -39.438
4.559 -0.788
-53.481 -2.502
-17.120 12.682
-12.153 1.287
35.770 90.612
11.053 8.066
-15.065 -52.558
-2.560 53.292
-32.771 43.293
22.586 -49.422
45.690 -29.495
63.365 -44.967
19.452 -48.076
8.392 40.779
-49.662 -20.412
36.122 17.528
32.438 43.184
-12.359 17.838
-54.168 -3.554
-48.072 66.568
25.426 48.525
-51.401 16.859
7.904 -53.759
-16.752 50.568
-40.230 -81.227
37.419 -90.253
56.847 37.587
-14.949 -21.255
-1.565 0.619
-27.690 -9.302
-24.840 -45.297
44.473 31.371
-42.883 42.816
-4.238 -91.718
8.831 79.353
-37.734 36.891
3.966 54.778
-6.619 -4.674
49.329 -14.914
53.837 16.826
44.438 33.780
-4.132 3.090
-0.024 -36.478
-28.651 -45.941
-31.691 -35.121
-9.312 -11.714
52.483 14.263
11.705 -50.763
-43.588 32.816
-50.178 12.774
8.329 -19.109
82.944 6.209
-35.365 -79.180
-51.509 -20.266
73.482 -51.623
38.457 -32.910
-37.306 -40.268
60.724 39.356
39.036 34.766
25.604 43.781
-0.586 4.599
52.925 1.077
-31.532 32.045
32.345 3.942
53.015 -11.587
-86.175 43.551
4.976 -6.244
-20.645 -94.215
-16.534 70.369
45.633 28.493
-0.278 -0.783
-4.538 6.894
73.374 -24.972
32.582 -43.415
20 39 69 70
100
-46.427 47.180
0.711 85.361
-70.780 41.315
30.903 19.858
-1.146 -0.165
24.862 -31.606
-59.495 36.833
-11.499 15.360
31.356 61.737
-52.377 4.676
-6.770 -13.975
22.705 -58.502
-8.120 -33.218
-32.264 0.479
9.687 10.276
-1.843 27.758
-6.868 -50.515
-35.425 3.754
-12.774 -38.745
51.561 -6.839
-90.988 23.947
42.193 47.658
-37.286 58.947
54.961 -29.692
-32.955 -91.089
-71.872 -31.271
-41.436 -55.630
-49.142 -22.476
-8.540 41.873
-19.328 33.364
16.439 -34.310
66.240 2.080
-42.576 66.349
10.090 33.664
87.276 -34.405
-11.442 68.653
-11.051 -5.727
-64.099 -5.625
17.142 21.083
1.419 -15.541
68.812 9.191
-20.319 7.136
-66.424 -17.305
21.459 -13.998
-88.697 6.336
-69.181 -0.795
28.389 -63.111
-24.328 81.748
-69.073 60.898
33.793 -8.865
-11.212 52.190
65.493 -24.609
0.902 0.502
-13.926 91.317
29.232 91.630
17.956 -67.385
12.404 68.366
20.165 65.438
67.699 -15.934
-4.883 -82.616
-58.080 -38.569
3.791 -62.468
2.222 19.446
-16.792 36.268
-19.844 34.527
-30.107 33.330
41.505 -55.741
-40.488 -44.047
-31.905 -61.985
-67.862 12.988
-42.415 55.375
69.749 34.192
69.969 67.103
71.567 -52.573
-3.749 5.709
-43.584 19.644
26.523 8.099
36.206 52.093
-61.130 -68.326
46.007 65.383
-17.031 -32.125
-46.932 15.397
87.155 18.004
-0.702 27.264
-94.887 -2.643
-1.704 -69.312
34.788 -74.394
47.493 -19.230
26.187 21.049
62.386 30.825
-27.843 -9.196
5.860 -94.085
37.595 17.430
-25.341 -19.155
0.483 -2.523
-67.507 73.150
2.548 -2.127
42.480 54.783
79.123 -3.420
7.430 18.406
20 97 98 99
100
95.106 -24.333
60.059 -77.659
3.743 -2.430
4.825 97.344
2.322 1.552
18.718 -97.626
-95.018 25.348
-19.058 48.319
31.585 24.132
-27.110 95.302
35.222 -92.699
29.316 -94.283
89.675 -37.924
5.999 -97.237
-85.063 -33.697
73.430 -36.054
70.893 69.057
10.324 97.825
-10.666 61.023
-73.126 -66.528
-42.751 59.178
62.174 74.786
-12.208 -24.152
-3.706 -98.644
-69.152 -59.635
47.457 -86.664
17.243 -1.757
-97.635 -0.956
-67.110 72.190
-31.746 93.817
93.951 28.168
18.423 27.349
-38.182 -18.183
-19.601 95.225
-18.001 -95.837
2.922 45.949
56.267 -79.426
-0.512 32.266
-46.089 -88.594
51.552 85.464
-26.537 95.322
86.082 47.991
-32.772 92.445
-69.324 -70.708
-97.320 -22.451
-71.401 46.648
21.916 17.733
35.181 91.330
-93.428 35.545
28.208 -42.466
96.177 -14.432
-40.194 50.682
-68.318 69.294
-84.738 21.710
-10.759 29.708
75.458 65.015
-47.144 -84.861
-90.755 34.252
95.073 -28.904
84.778 -51.331
-96.210 25.407
-90.070 -41.200
-3.486 2.924
60.523 -75.922
66.309 70.765
-3.517 -99.845
-55.951 -19.394
-3.753 8.272
-30.457 92.423
93.233 28.273
60.895 11.827
95.716 27.195
80.391 58.000
-56.817 -11.516
12.670 98.723
-4.026 -4.862
-91.537 -35.860
20.988 51.673
-92.547 -30.253
62.619 -60.597
-60.943 78.605
44.019 -13.364
-57.713 -78.295
-56.412 -80.925
-15.947 8.376
70.753 -70.482
-55.469 -2.080
-88.928 -20.744
4.583 -47.422
1.144 21.508
-18.606 -47.073
68.109 10.755
80.320 56.106
45.593 87.770
-90.751 39.020
-14.089 -68.671
-95.664 -21.375
-95.528 18.164
-0.694 -0.731
91.585 -37.126
20 1 98 99
100
75.355 63.130
2.919 0.485
-36.886 91.846
72.959 -10.590
-25.079 2.262
50.073 18.291
84.683 -49.960
0.724 0.290
10.240 19.381
92.083 38.468
-10.868 -10.505
-13.671 18.623
-41.499 90.961
97.400 20.094
-0.440 -1.421
97.617 -20.341
-97.206 13.391
-11.302 97.976
-72.100 66.903
-28.941 -54.320
-81.738 56.937
-76.271 -60.669
-8.262 -35.908
55.728 82.877
42.494 -32.180
43.738 83.817
15.362 98.412
0.163 -0.714
-99.399 -0.700
49.523 19.558
0.930 26.542
-0.375 -0.344
-18.126 -83.591
1.134 27.544
-7.336 99.300
0.372 79.292
66.921 -71.659
-71.310 69.279
-54.900 -23.717
-95.231 -23.271
-10.722 -0.064
84.929 -15.101
56.264 81.166
26.173 -13.811
0.744 -0.472
15.310 -98.384
-86.639 -48.978
-24.260 -18.711
19.937 -96.860
0.305 0.338
0.247 -0.503
-42.990 -88.940
-0.019 0.029
49.846 -51.877
85.916 48.046
75.164 -65.737
-45.397 -56.927
-19.910 14.291
-0.212 -0.106
90.182 -41.269
74.799 22.567
-10.527 -98.631
-0.254 0.299
97.502 13.814
-83.277 52.493
9.250 2.590
98.030 -3.905
-36.297 -92.532
39.632 -44.383
-84.622 -50.005
64.896 75.469
-14.396 -97.508
0.041 0.000
36.900 50.073
-34.379 -49.182
-0.533 42.957
-0.407 -0.745
-96.659 22.491
-0.083 -0.469
0.325 0.678
20.341 -34.101
25.298 -15.526
14.612 -73.370
14.741 97.802
25.487 20.697
0.591 0.088
-0.008 0.038
45.280 -88.729
-0.163 0.018
-68.995 -72.098
-0.623 0.226
-66.952 -72.369
-43.696 0.121
-26.782 68.494
0.120 0.587
63.715 -65.603
0.088 -0.066
-0.480 -0.154
-17.313 -17.515
48.540 -85.442
20 1 2 99
100
77.966 21.311
-0.128 0.008
0.638 0.281
-77.943 24.678
-76.196 -52.029
-36.523 92.235
-34.172 -2.628
-24.548 67.432
-40.959 0.429
0.790 -0.293
-0.092 -1.820
3.094 -5.119
23.589 -34.649
0.242 -0.058
-0.976 -0.332
-0.058 1.095
1.263 -77.527
-65.301 31.190
-0.302 0.489
0.012 -0.822
60.986 -50.597
19.862 0.846
73.489 13.895
1.247 0.152
-60.505 -4.491
52.475 -74.054
58.051 63.874
28.112 62.344
84.501 -52.719
-42.293 -22.382
-74.479 65.638
-0.052 -0.077
-23.583 26.610
-19.380 13.463
1.181 1.534
-89.948 -30.992
-0.697 -0.691
98.932 12.000
-99.649 -1.900
-71.127 -69.484
-45.869 69.331
0.900 -1.709
-81.506 40.974
-0.870 0.308
-0.831 -1.422
-0.722 0.602
9.786 -33.135
-1.634 1.006
0.455 -0.723
-53.379 -41.961
1.409 -0.784
25.207 95.814
98.320 15.007
4.250 37.307
0.209 1.273
-24.223 -96.026
0.000 0.014
53.710 84.246
-18.110 50.157
-26.989 37.708
-0.721 0.735
-93.450 34.828
-12.100 -27.862
65.655 -38.158
38.010 12.520
0.647 0.115
-0.782 1.604
30.897 -94.651
-0.995 -0.725
-81.054 -57.793
97.499 -21.040
-2.404 15.949
0.156 0.178
0.081 -0.086
-0.191 -0.939
77.821 61.884
-47.261 -87.699
0.170 0.414
-1.181 -0.030
-7.800 7.750
-0.697 -0.266
0.976 1.402
-6.950 -55.050
71.093 -69.358
1.954 -0.089
-0.932 -0.296
-48.712 60.790
-1.700 0.419
64.594 40.103
0.472 -1.792
93.654 32.624
7.788 -99.400
0.044 0.996
-20.544 97.303
-99.160 3.512
5.373 -4.934
76.961 -19.981
1.023 0.494
1.032 -0.795
6.468 16.932
20 33 66 99
100
68.759 -72.209
-52.357 -15.977
-7.225 24.357
14.804 98.027
-46.680 -49.989
-20.281 7.864
-20.955 -97.742
97.904 15.233
62.565 -29.871
-96.125 -24.149
-58.058 23.636
-12.373 -7.387
40.837 57.708
-79.847 -11.358
-50.640 -38.149
29.649 37.153
-10.778 -92.889
94.418 5.287
99.114 -5.277
83.750 -53.098
34.024 -26.983
-50.923 -80.872
-13.991 34.379
-15.865 -18.163
-9.182 -18.112
-14.362 16.801
-17.621 4.735
68.009 72.159
-65.251 -22.947
54.391 -41.540
1.175 -97.625
-43.316 45.041
28.839 29.340
-18.864 78.493
1.991 -27.638
-17.830 -15.228
-8.970 -21.608
-57.817 33.827
12.686 25.364
12.008 10.359
-45.862 -16.390
-73.901 56.837
6.980 -45.544
7.978 -17.397
-1.193 6.003
50.784 -79.914
56.071 1.193
48.697 -28.411
16.436 76.805
59.574 53.481
-98.768 10.917
0.160 0.623
-89.243 43.652
11.438 93.014
39.182 -29.145
58.379 28.396
-32.312 -2.951
-44.115 -57.338
41.739 -34.438
46.927 -87.347
15.998 53.075
22.656 51.111
21.778 -85.432
31.357 19.377
11.752 -67.968
5.917 -13.027
34.638 -60.163
-57.931 3.559
-55.843 -82.105
90.748 40.827
90.130 31.330
-20.970 -53.029
-35.399 92.782
-66.174 -65.549
34.022 -7.010
31.747 -56.439
-4.222 33.025
62.390 14.276
-61.846 77.475
-4.170 -13.443
-3.919 10.585
36.667 92.543
14.472 -8.043
34.542 18.331
57.693 -74.050
1.468 0.961
21.104 -20.599
-29.357 71.183
-2.545 11.115
21.065 -2.772
-24.276 -20.976
-9.873 98.584
-78.112 3.860
82.959 -16.608
-32.255 -9.805
-86.223 -49.634
-15.215 -55.653
13.047 -99.066
15.020 0.898
-61.543 -78.545
20 10 30 60
100
4.954 -6.844
5.816 5.265
73.289 -15.057
16.418 19.755
-1.169 40.387
5.369 -15.355
-6.550 3.823
-1.437 -8.804
0.057 -1.032
5.773 -4.033
-41.942 7.903
-61.811 -5.598
80.852 -58.152
1.122 4.091
44.551 -38.410
-46.389 -11.544
-40.362 48.911
-1.294 -0.166
19.473 43.070
3.252 8.539
-19.863 58.368
3.743 13.165
28.228 -60.585
-75.787 6.530
27.458 8.475
-24.090 -21.027
56.067 -62.929
-10.633 29.425
-2.515 -1.997
39.439 32.389
-52.687 -61.428
14.785 -9.595
-47.296 82.770
13.440 -75.508
-0.945 2.703
17.751 52.778
11.467 4.388
-33.415 -34.600
-29.518 25.987
-8.533 -14.611
-9.420 -63.931
-74.627 -17.409
49.538 -13.051
9.752 20.182
-32.189 -3.319
-52.596 35.673
49.285 58.823
-16.450 -17.467
0.577 -0.571
11.756 42.848
7.426 3.466
-11.799 -17.613
34.425 59.663
9.373 0.651
64.894 -66.413
-0.928 4.686
3.304 79.610
-14.951 9.555
6.014 5.457
-34.243 -65.644
-95.604 -22.004
-15.162 13.223
-20.132 -16.063
15.859 -1.992
-62.471 -23.469
12.125 -50.831
31.813 8.269
-6.862 -25.219
-36.003 12.300
2.960 -0.468
23.861 -43.293
-3.014 -49.350
-23.813 -34.142
11.127 -20.066
-45.599 62.004
-3.500 24.479
-11.131 15.766
-64.377 -18.022
81.739 38.634
-8.423 -3.131
5.424 -16.861
-5.132 -79.222
-9.973 -79.845
-25.260 3.646
-40.760 -10.640
-14.223 59.419
13.991 -16.270
-24.579 20.868
-23.098 -1.447
44.950 15.260
43.563 12.211
1.555 1.198
-27.526 -19.270
71.572 3.841
23.205 57.397
-6.453 5.227
-1.609 -2.796
-15.091 -6.432
38.116 -17.397
-2.773 0.459
20 33 66 99
100
0.000 0.000
0.000 0.000
0.000 0.000
0.000 0.000
0.000 0.000
0.000 0.000
0.000 0.000
0.000 0.000
0.000 0.000
0.000 0.000
0.000 0.000
0.000 0.000
0.000 0.000
0.000 0.000
0.000 0.000
0.000 0.000
0.000 0.000
0.000 0.000
0.000 0.000
0.000 0.000
0.000 0.000
0.000 0.000
0.000 0.000
0.000 0.000
0.000 0.000
0.000 0.000
0.000 0.000
0.000 0.000
0.000 0.000
0.000 0.000
0.000 0.000
0.000 0.000
0.000 0.000
0.000 0.000
0.000 0.000
0.000 0.000
0.000 0.000
0.000 0.000
0.000 0.000
0.000 0.000
0.000 0.000
0.000 0.000
0.000 0.000
0.000 0.000
0.000 0.000
0.000 0.000
0.000 0.000
0.000 0.000
0.000 0.000
0.000 0.000
0.000 0.000
0.000 0.000
0.000 0.000
0.000 0.000
0.000 0.000
0.000 0.000
0.000 0.000
0.000 0.000
0.000 0.000
0.000 0.000
0.000 0.000
0.000 0.000
0.000 0.000
0.000 0.000
0.000 0.000
0.000 0.000
0.000 0.000
0.000 0.000
0.000 0.000
0.000 0.000
0.000 0.000
0.000 0.000
0.000 0.000
0.000 0.000
0.000 0.000
0.000 0.000
0.000 0.000
0.000 0.000
0.000 0.000
0.000 0.000
0.000 0.000
0.000 0.000
0.000 0.000
0.000 0.000
0.000 0.000
0.000 0.000
0.000 0.000
0.000 0.000
0.000 0.000
0.000 0.000
0.000 0.000
0.000 0.000
0.000 0.000
0.000 0.000
0.000 0.000
0.000 0.000
0.000 0.000
0.000 0.000
0.000 0.000
0.000 0.000
20 33 66 99
100
1.000 0.000
1.000 0.000
1.000 0.000
1.000 0.000
1.000 0.000
1.000 0.000
1.000 0.000
1.000 0.000
1.000 0.000
1.000 0.000
1.000 0.000
1.000 0.000
1.000 0.000
1.000 0.000
1.000 0.000
1.000 0.000
1.000 0.000
1.000 0.000
1.000 0.000
1.000 0.000
1.000 0.000
1.000 0.000
1.000 0.000
1.000 0.000
1.000 0.000
1.000 0.000
1.000 0.000
1.000 0.000
1.000 0.000
1.000 0.000
1.000 0.000
1.000 0.000
1.000 0.000
1.000 0.000
1.000 0.000
1.000 0.000
1.000 0.000
1.000 0.000
1.000 0.000
1.000 0.000
1.000 0.000
1.000 0.000
1.000 0.000
1.000 0.000
1.000 0.000
1.000 0.000
1.000 0.000
1.000 0.000
1.000 0.000
1.000 0.000
1.000 0.000
1.000 0.000
1.000 0.000
1.000 0.000
1.000 0.000
1.000 0.000
1.000 0.000
1.000 0.000
1.000 0.000
1.000 0.000
1.000 0.000
1.000 0.000
1.000 0.000
1.000 0.000
1.000 0.000
1.000 0.000
1.000 0.000
1.000 0.000
1.000 0.000
1.000 0.000
1.000 0.000
1.000 0.000
1.000 0.000
1.000 0.000
1.000 0.000
1.000 0.000
1.000 0.000
1.000 0.000
1.000 0.000
1.000 0.000
1.000 0.000
1.000 0.000
1.000 0.000
1.000 0.000
1.000 0.000
1.000 0.000
1.000 0.000
1.000 0.000
1.000 0.000
1.000 0.000
1.000 0.000
1.000 0.000
1.000 0.000
1.000 0.000
1.000 0.000
1.000 0.000
1.000 0.000
1.000 0.000
1.000 0.000
1.000 0.000
20 33 66 99
100
0.000 1.000
0.000 1.000
0.000 1.000
0.000 1.000
0.000 1.000
0.000 1.000
0.000 1.000
0.000 1.000
0.000 1.000
0.000 1.000
0.000 1.000
0.000 1.000
0.000 1.000
0.000 1.000
0.000 1.000
0.000 1.000
0.000 1.000
0.000 1.000
0.000 1.000
0.000 1.000
0.000 1.000
0.000 1.000
0.000 1.000
0.000 1.000
0.000 1.000
0.000 1.000
0.000 1.000
0.000 1.000
0.000 1.000
0.000 1.000
0.000 1.000
0.000 1.000
0.000 1.000
0.000 1.000
0.000 1.000
0.000 1.000
0.000 1.000
0.000 1.000
0.000 1.000
0.000 1.000
0.000 1.000
0.000 1.000
0.000 1.000
0.000 1.000
0.000 1.000
0.000 1.000
0.000 1.000
0.000 1.000
0.000 1.000
0.000 1.000
0.000 1.000
0.000 1.000
0.000 1.000
0.000 1.000
0.000 1.000
0.000 1.000
0.000 1.000
0.000 1.000
0.000 1.000
0.000 1.000
0.000 1.000
0.000 1.000
0.000 1.000
0.000 1.000
0.000 1.000
0.000 1.000
0.000 1.000
0.000 1.000
0.000 1.000
0.000 1.000
0.000 1.000
0.000 1.000
0.000 1.000
0.000 1.000
0.000 1.000
0.000 1.000
0.000 1.000
0.000 1.000
0.000 1.000
0.000 1.000
0.000 1.000
0.000 1.000
0.000 1.000
0.000 1.000
0.000 1.000
0.000 1.000
0.000 1.000
0.000 1.000
0.000 1.000
0.000 1.000
0.000 1.000
0.000 1.000
0.000 1.000
0.000 1.000
0.000 1.000
0.000 1.000
0.000 1.000
0.000 1.000
0.000 1.000
0.000 1.000
20 33 66 99
100
49.740 3.770
49.740 3.770
49.740 3.770
49.740 3.770
49.740 3.770
49.740 3.770
49.740 3.770
49.740 3.770
49.740 3.770
49.740 3.770
49.740 3.770
49.740 3.770
49.740 3.770
49.740 3.770
49.740 3.770
49.740 3.770
49.740 3.770
49.740 3.770
49.740 3.770
49.740 3.770
49.740 3.770
49.740 3.770
49.740 3.770
49.740 3.770
49.740 3.770
49.740 3.770
49.740 3.770
49.740 3.770
49.740 3.770
49.740 3.770
49.740 3.770
49.740 3.770
49.740 3.770
49.740 3.770
49.740 3.770
49.740 3.770
49.740 3.770
49.740 3.770
49.740 3.770
49.740 3.770
49.740 3.770
49.740 3.770
49.740 3.770
49.740 3.770
49.740 3.770
49.740 3.770
49.740 3.770
49.740 3.770
49.740 3.770
49.740 3.770
49.740 3.770
49.740 3.770
49.740 3.770
49.740 3.770
49.740 3.770
49.740 3.770
49.740 3.770
49.740 3.770
49.740 3.770
49.740 3.770
49.740 3.770
49.740 3.770
49.740 3.770
49.740 3.770
49.740 3.770
49.740 3.770
49.740 3.770
49.740 3.770
49.740 3.770
49.740 3.770
49.740 3.770
49.740 3.770
49.740 3.770
49.740 3.770
49.740 3.770
49.740 3.770
49.740 3.770
49.740 3.770
49.740 3.770
49.740 3.770
49.740 3.770
49.740 3.770
49.740 3.770
49.740 3.770
49.740 3.770
49.740 3.770
49.740 3.770
49.740 3.770
49.740 3.770
49.740 3.770
49.740 3.770
49.740 3.770
49.740 3.770
49.740 3.770
49.740 3.770
49.740 3.770
49.740 3.770
49.740 3.770
49.740 3.770
49.740 3.770
20 33 66 99
100
-49.740 3.770
-49.740 3.770
-49.740 3.770
-49.740 3.770
-49.740 3.770
-49.740 3.770
-49.740 3.770
-49.740 3.770
-49.740 3.770
-49.740 3.770
-49.740 3.770
-49.740 3.770
-49.740 3.770
-49.740 3.770
-49.740 3.770
-49.740 3.770
-49.740 3.770
-49.740 3.770
-49.740 3.770
-49.740 3.770
-49.740 3.770
-49.740 3.770
-49.740 3.770
-49.740 3.770
-49.740 3.770
-49.740 3.770
-49.740 3.770
-49.740 3.770
-49.740 3.770
-49.740 3.770
-49.740 3.770
-49.740 3.770
-49.740 3.770
-49.740 3.770
-49.740 3.770
-49.740 3.770
-49.740 3.770
-49.740 3.770
-49.740 3.770
-49.740 3.770
-49.740 3.770
-49.740 3.770
-49.740 3.770
-49.740 3.770
-49.740 3.770
-49.740 3.770
-49.740 3.770
-49.740 3.770
-49.740 3.770
-49.740 3.770
-49.740 3.770
-49.740 3.770
-49.740 3.770
-49.740 3.770
-49.740 3.770
-49.740 3.770
-49.740 3.770
-49.740 3.770
-49.740 3.770
-49.740 3.770
-49.740 3.770
-49.740 3.770
-49.740 3.770
-49.740 3.770
-49.740 3.770
-49.740 3.770
-49.740 3.770
-49.740 3.770
-49.740 3.770
-49.740 3.770
-49.740 3.770
-49.740 3.770
-49.740 3.770
-49.740 3.770
-49.740 3.770
-49.740 3.770
-49.740 3.770
-49.740 3.770
-49.740 3.770
-49.740 3.770
-49.740 3.770
-49.740 3.770
-49.740 3.770
-49.740 3.770
-49.740 3.770
-49.740 3.770
-49.740 3.770
-49.740 3.770
-49.740 3.770
-49.740 3.770
-49.740 3.770
-49.740 3.770
-49.740 3.770
-49.740 3.770
-49.740 3.770
-49.740 3.770
-49.740 3.770
-49.740 3.770
-49.740 3.770
-49.740 3.770
20 33 66 99
100
49.740 -3.770
49.740 -3.770
49.740 -3.770
49.740 -3.770
49.740 -3.770
49.740 -3.770
49.740 -3.770
49.740 -3.770
49.740 -3.770
49.740 -3.770
49.740 -3.770
49.740 -3.770
49.740 -3.770
49.740 -3.770
49.740 -3.770
49.740 -3.770
49.740 -3.770
49.740 -3.770
49.740 -3.770
49.740 -3.770
49.740 -3.770
49.740 -3.770
49.740 -3.770
49.740 -3.770
49.740 -3.770
49.740 -3.770
49.740 -3.770
49.740 -3.770
49.740 -3.770
49.740 -3.770
49.740 -3.770
49.740 -3.770
49.740 -3.770
49.740 -3.770
49.740 -3.770
49.740 -3.770
49.740 -3.770
49.740 -3.770
49.740 -3.770
49.740 -3.770
49.740 -3.770
49.740 -3.770
49.740 -3.770
49.740 -3.770
49.740 -3.770
49.740 -3.770
49.740 -3.770
49.740 -3.770
49.740 -3.770
49.740 -3.770
49.740 -3.770
49.740 -3.770
49.740 -3.770
49.740 -3.770
49.740 -3.770
49.740 -3.770
49.740 -3.770
49.740 -3.770
49.740 -3.770
49.740 -3.770
49.740 -3.770
49.740 -3.770
49.740 -3.770
49.740 -3.770
49.740 -3.770
49.740 -3.770
49.740 -3.770
49.740 -3.770
49.740 -3.770
49.740 -3.770
49.740 -3.770
49.740 -3.770
49.740 -3.770
49.740 -3.770
49.740 -3.770
49.740 -3.770
49.740 -3.770
49.740 -3.770
49.740 -3.770
49.740 -3.770
49.740 -3.770
49.740 -3.770
49.740 -3.770
49.740 -3.770
49.740 -3.770
49.740 -3.770
49.740 -3.770
49.740 -3.770
49.740 -3.770
49.740 -3.770
49.740 -3.770
49.740 -3.770
49.740 -3.770
49.740 -3.770
49.740 -3.770
49.740 -3.770
49.740 -3.770
49.740 -3.770
49.740 -3.770
49.740 -3.770
20 33 66 99
100
80.739 3.770
80.739 3.770
80.739 3.770
80.739 3.770
80.739 3.770
80.739 3.770
80.739 3.770
80.739 3.770
80.739 3.770
80.739 3.770
80.739 3.770
80.739 3.770
80.739 3.770
80.739 3.770
80.739 3.770
80.739 3.770
80.739 3.770
80.739 3.770
80.739 3.770
80.739 3.770
80.739 3.770
80.739 3.770
80.739 3.770
80.739 3.770
80.739 3.770
80.739 3.770
80.739 3.770
80.739 3.770
80.739 3.770
80.739 3.770
80.739 3.770
80.739 3.770
80.739 3.770
80.739 3.770
80.739 3.770
80.739 3.770
80.739 3.770
80.739 3.770
80.739 3.770
80.739 3.770
80.739 3.770
80.739 3.770
80.739 3.770
80.739 3.770
80.739 3.770
80.739 3.770
80.739 3.770
80.739 3.770
80.739 3.770
80.739 3.770
80.739 3.770
80.739 3.770
80.739 3.770
80.739 3.770
80.739 3.770
80.739 3.770
80.739 3.770
80.739 3.770
80.739 3.770
80.739 3.770
80.739 3.770
80.739 3.770
80.739 3.770
80.739 3.770
80.739 3.770
80.739 3.770
80.739 3.770
80.739 3.770
80.739 3.770
80.739 3.770
80.739 3.770
80.739 3.770
80.739 3.770
80.739 3.770
80.739 3.770
80.739 3.770
80.739 3.770
80.739 3.770
80.739 3.770
80.739 3.770
80.739 3.770
80.739 3.770
80.739 3.770
80.739 3.770
80.739 3.770
80.739 3.770
80.739 3.770
80.739 3.770
80.739 3.770
80.739 3.770
80.739 3.770
80.739 3.770
80.739 3.770
80.739 3.770
80.739 3.770
80.739 3.770
80.739 3.770
80.739 3.770
80.739 3.770
80.739 3.770
20 33 66 99
100
-80.739 3.770
-80.739 3.770
-80.739 3.770
-80.739 3.770
-80.739 3.770
-80.739 3.770
-80.739 3.770
-80.739 3.770
-80.739 3.770
-80.739 3.770
-80.739 3.770
-80.739 3.770
-80.739 3.770
-80.739 3.770
-80.739 3.770
-80.739 3.770
-80.739 3.770
-80.739 3.770
-80.739 3.770
-80.739 3.770
-80.739 3.770
-80.739 3.770
-80.739 3.770
-80.739 3.770
-80.739 3.770
-80.739 3.770
-80.739 3.770
-80.739 3.770
-80.739 3.770
-80.739 3.770
-80.739 3.770
-80.739 3.770
-80.739 3.770
-80.739 3.770
-80.739 3.770
-80.739 3.770
-80.739 3.770
-80.739 3.770
-80.739 3.770
-80.739 3.770
-80.739 3.770
-80.739 3.770
-80.739 3.770
-80.739 3.770
-80.739 3.770
-80.739 3.770
-80.739 3.770
-80.739 3.770
-80.739 3.770
-80.739 3.770
-80.739 3.770
-80.739 3.770
-80.739 3.770
-80.739 3.770
-80.739 3.770
-80.739 3.770
-80.739 3.770
-80.739 3.770
-80.739 3.770
-80.739 3.770
-80.739 3.770
-80.739 3.770
-80.739 3.770
-80.739 3.770
-80.739 3.770
-80.739 3.770
-80.739 3.770
-80.739 3.770
-80.739 3.770
-80.739 3.770
-80.739 3.770
-80.739 3.770
-80.739 3.770
-80.739 3.770
-80.739 3.770
-80.739 3.770
-80.739 3.770
-80.739 3.770
-80.739 3.770
-80.739 3.770
-80.739 3.770
-80.739 3.770
-80.739 3.770
-80.739 3.770
-80.739 3.770
-80.739 3.770
-80.739 3.770
-80.739 3.770
-80.739 3.770
-80.739 3.770
-80.739 3.770
-80.739 3.770
-80.739 3.770
-80.739 3.770
-80.739 3.770
-80.739 3.770
-80.739 3.770
-80.739 3.770
-80.739 3.770
-80.739 3.770
20 33 66 99
100
80.739 -3.770
80.739 -3.770
80.739 -3.770
80.739 -3.770
80.739 -3.770
80.739 -3.770
80.739 -3.770
80.739 -3.770
80.739 -3.770
80.739 -3.770
80.739 -3.770
80.739 -3.770
80.739 -3.770
80.739 -3.770
80.739 -3.770
80.739 -3.770
80.739 -3.770
80.739 -3.770
80.739 -3.770
80.739 -3.770
80.739 -3.770
80.739 -3.770
80.739 -3.770
80.739 -3.770
80.739 -3.770
80.739 -3.770
80.739 -3.770
80.739 -3.770
80.739 -3.770
80.739 -3.770
80.739 -3.770
80.739 -3.770
80.739 -3.770
80.739 -3.770
80.739 -3.770
80.739 -3.770
80.739 -3.770
80.739 -3.770
80.739 -3.770
80.739 -3.770
80.739 -3.770
80.739 -3.770
80.739 -3.770
80.739 -3.770
80.739 -3.770
80.739 -3.770
80.739 -3.770
80.739 -3.770
80.739 -3.770
80.739 -3.770
80.739 -3.770
80.739 -3.770
80.739 -3.770
80.739 -3.770
80.739 -3.770
80.739 -3.770
80.739 -3.770
80.739 -3.770
80.739 -3.770
80.739 -3.770
80.739 -3.770
80.739 -3.770
80.739 -3.770
80.739 -3.770
80.739 -3.770
80.739 -3.770
80.739 -3.770
80.739 -3.770
80.739 -3.770
80.739 -3.770
80.739 -3.770
80.739 -3.770
80.739 -3.770
80.739 -3.770
80.739 -3.770
80.739 -3.770
80.739 -3.770
80.739 -3.770
80.739 -3.770
80.739 -3.770
80.739 -3.770
80.739 -3.770
80.739 -3.770
80.739 -3.770
80.739 -3.770
80.739 -3.770
80.739 -3.770
80.739 -3.770
80.739 -3.770
80.739 -3.770
80.739 -3.770
80.739 -3.770
80.739 -3.770
80.739 -3.770
80.739 -3.770
80.739 -3.770
80.739 -3.770
80.739 -3.770
80.739 -3.770
80.739 -3.770
20 33 66 99
100
100.000 100.000
100.000 100.000
100.000 100.000
100.000 100.000
100.000 100.000
100.000 100.000
100.000 100.000
100.000 100.000
100.000 100.000
100.000 100.000
100.000 100.000
100.000 100.000
100.000 100.000
100.000 100.000
100.000 100.000
100.000 100.000
100.000 100.000
100.000 100.000
100.000 100.000
100.000 100.000
100.000 100.000
100.000 100.000
100.000 100.000
100.000 100.000
100.000 100.000
100.000 100.000
100.000 100.000
100.000 100.000
100.000 100.000
100.000 100.000
100.000 100.000
100.000 100.000
100.000 100.000
100.000 100.000
100.000 100.000
100.000 100.000
100.000 100.000
100.000 100.000
100.000 100.000
100.000 100.000
100.000 100.000
100.000 100.000
100.000 100.000
100.000 100.000
100.000 100.000
100.000 100.000
100.000 100.000
100.000 100.000
100.000 100.000
100.000 100.000
100.000 100.000
100.000 100.000
100.000 100.000
100.000 100.000
100.000 100.000
100.000 100.000
100.000 100.000
100.000 100.000
100.000 100.000
100.000 100.000
100.000 100.000
100.000 100.000
100.000 100.000
100.000 100.000
100.000 100.000
100.000 100.000
100.000 100.000
100.000 100.000
100.000 100.000
100.000 100.000
100.000 100.000
100.000 100.000
100.000 100.000
100.000 100.000
100.000 100.000
100.000 100.000
100.000 100.000
100.000 100.000
100.000 100.000
100.000 100.000
100.000 100.000
100.000 100.000
100.000 100.000
100.000 100.000
100.000 100.000
100.000 100.000
100.000 100.000
100.000 100.000
100.000 100.000
100.000 100.000
100.000 100.000
100.000 100.000
100.000 100.000
100.000 100.000
100.000 100.000
100.000 100.000
100.000 100.000
100.000 100.000
100.000 100.000
100.000 100.000
20 33 66 99
100
-100.000 -100.000
-100.000 -100.000
-100.000 -100.000
-100.000 -100.000
-100.000 -100.000
-100.000 -100.000
-100.000 -100.000
-100.000 -100.000
-100.000 -100.000
-100.000 -100.000
-100.000 -100.000
-100.000 -100.000
-100.000 -100.000
-100.000 -100.000
-100.000 -100.000
-100.000 -100.000
-100.000 -100.000
-100.000 -100.000
-100.000 -100.000
-100.000 -100.000
-100.000 -100.000
-100.000 -100.000
-100.000 -100.000
-100.000 -100.000
-100.000 -100.000
-100.000 -100.000
-100.000 -100.000
-100.000 -100.000
-100.000 -100.000
-100.000 -100.000
-100.000 -100.000
-100.000 -100.000
-100.000 -100.000
-100.000 -100.000
-100.000 -100.000
-100.000 -100.000
-100.000 -100.000
-100.000 -100.000
-100.000 -100.000
-100.000 -100.000
-100.000 -100.000
-100.000 -100.000
-100.000 -100.000
-100.000 -100.000
-100.000 -100.000
-100.000 -100.000
-100.000 -100.000
-100.000 -100.000
-100.000 -100.000
-100.000 -100.000
-100.000 -100.000
-100.000 -100.000
-100.000 -100.000
-100.000 -100.000
-100.000 -100.000
-100.000 -100.000
-100.000 -100.000
-100.000 -100.000
-100.000 -100.000
-100.000 -100.000
-100.000 -100.000
-100.000 -100.000
-100.000 -100.000
-100.000 -100.000
-100.000 -100.000
-100.000 -100.000
-100.000 -100.000
-100.000 -100.000
-100.000 -100.000
-100.000 -100.000
-100.000 -100.000
-100.000 -100.000
-100.000 -100.000
-100.000 -100.000
-100.000 -100.000
-100.000 -100.000
-100.000 -100.000
-100.000 -100.000
-100.000 -100.000
-100.000 -100.000
-100.000 -100.000
-100.000 -100.000
-100.000 -100.000
-100.000 -100.000
-100.000 -100.000
-100.000 -100.000
-100.000 -100.000
-100.000 -100.000
-100.000 -100.000
-100.000 -100.000
-100.000 -100.000
-100.000 -100.000
-100.000 -100.000
-100.000 -100.000
-100.000 -100.000
-100.000 -100.000
-100.000 -100.000
-100.000 -100.000
-100.000 -100.000
-100.000 -100.000
