100
3 30
11 123
96 97
98 97
97 97
129 130
129 131
129 129
17 47
16 47
17 30
2 1
130 1
130 2
130 3
2 1000000000000000
3 1000000000000000
6 1000000000000000
11 1000000000000000
44 3
3 46
44 20000000000000
130 1000000000000000
130 999999999999999
129 1000000000000000
65 500000000000001
65 1000000000000000
130 500000000000000
65 500000000000017
44 100000000000000
128 125
27 25
113 112
62 61
25 27
59 3479
3 11
89 7921
5 24
29 843
19 361
37 1370
3 8
7 50
83 6891
66 502075531040000
123 591413101904960
89 501947780146340
127 500453831297696
98 506065221417605
128 642065731702400
56 529531804890224
97 500000232877778
36 500000000000000
69 586210701897320
86 1234759
65 160667869
89 55796591
67 486136043
9 546718633
120 398020349
63 120558397
75 156239903
34 765569573
67 525555013
4 175517569
121 372136841
76 136410691
114 16341137
117 15002621
80 31810488414391
124 32358719887891
72 518782992001
96 8655377190769
82 8869268216431
99 101807807188501
66 13589488345567
128 2931166656001
94 33292062913131
77 323851272715405
120 6659334396001
106 129051929087089
99 27364307441185
93 2335819461119
129 183332338285217
88 206733189282625
18 301730487671057
56 2011629565171
69 153577760577769
79 57730807939141
28 160581908845
115 64775224350217
36 40491115628701
5 1841013101601
92 37627181854801
73 11468174172841
124 105692336833393
27 92297284747201
34 2484347160529
52 1597278302335
